              precision    recall  f1-score   support

           0       0.86      0.89      0.88      2385
           1       0.87      0.95      0.91      4090
           2       0.91      0.93      0.92       883
           3       0.96      0.96      0.96      2868
           4       0.86      0.80      0.83      1875
           5       0.86      0.80      0.83      3336
           6       0.89      0.74      0.81       129
           7       0.00      0.00      0.00         0
           8       0.81      0.26      0.39        86
           9       0.96      0.51      0.67        43

    accuracy                           0.88     15695
   macro avg       0.80      0.68      0.72     15695
weighted avg       0.88      0.88      0.88     15695

              precision    recall  f1-score   support

           0       0.77      0.61      0.68      2385
           1       0.79      0.62      0.69      4090
           2       0.86      0.82      0.84       883
           3       0.88      0.89      0.89      2868
           4       0.85      0.52      0.64      1875
           5       0.36      0.60      0.45      3336
           6       0.80      0.60      0.69       129
           7       0.00      0.00      0.00         0
           8       0.00      0.00      0.00        86
           9       0.00      0.00      0.00        43

    accuracy                           0.66     15695
   macro avg       0.59      0.52      0.54     15695
weighted avg       0.72      0.66      0.67     15695
